187,35
3,1
3,3
10,102
10,196
10,198
10,292
10,114
10,276
10,78
11,20
11,2
11,3
9,7
8,12
8,6
8,11
8,18
8,9
8,13
186,3
186,2
186,1
186,0
183,3
183,2
183,1
183,0
181,3
181,2
181,1
181,0
180,3
180,2
180,1
180,0
179,3
179,2
179,1
179,0
178,5
178,4
178,3
178,2
178,1
178,0
177,3
177,2
177,1
177,0
176,3
176,2
176,1
176,0
175,3
175,2
175,1
175,0
174,3
174,2
174,1
174,0
173,5
173,4
173,3
173,2
173,1
173,0
20,3
20,2
20,1
19,3
19,2
19,1
12,3
12,2
12,1
11,30
11,28
11,27
11,26
11,25
11,24
11,23
11,22
11,21
11,19
11,18
11,16
11,14
11,13
18,1
11,12
18,3
11,1
